      0/99     2.62G    0.1052    0.1539   0.03458    0.2936       276       640         0         0  0.001692 0.0003678   0.09266   0.04046   0.03643
      1/99     2.99G   0.09433    0.1693   0.03023    0.2939       369       640  0.005072  0.004095  0.005896  0.001191    0.0849   0.04875   0.03005
      2/99     2.99G   0.08737     0.161   0.02551    0.2738       264       640  0.004443    0.2629    0.0106  0.002567   0.07932   0.07315   0.02514
      3/99     2.99G   0.07952    0.1508   0.02116    0.2514       268       640  0.004701    0.4259    0.0162  0.004538   0.07181   0.09602   0.02192
      4/99     2.99G   0.07083    0.1509   0.01757    0.2393       307       640  0.005836    0.5266   0.02609  0.008426   0.06462    0.1132   0.01852
      5/99     2.99G   0.06108     0.146   0.01542    0.2225       247       640  0.008292    0.5946   0.04227   0.01476    0.0558    0.1095   0.01736
      6/99     2.99G   0.05414    0.1494   0.01349     0.217       226       640   0.02484    0.7607   0.07363   0.03289   0.04908    0.1321   0.01475
      7/99     2.99G   0.05214    0.1493   0.01261    0.2141       215       640   0.02381    0.8454   0.08062   0.02338   0.05522    0.1065   0.01233
      8/99     2.99G   0.05337    0.1471   0.01131    0.2118       202       640   0.03169    0.8981   0.09415   0.03889   0.04418   0.08979   0.01057
      9/99     2.99G   0.05162    0.1508   0.01033    0.2127       286       640   0.02328    0.8735    0.0949    0.0396   0.05098   0.08382   0.01123
     10/99     2.99G   0.05015     0.133  0.008946    0.1921       243       640   0.03059    0.9449    0.1147   0.05118   0.04166   0.08961  0.007056
     11/99     2.99G   0.04833    0.1404  0.007613    0.1964       189       640    0.0287    0.9622    0.0867   0.03279   0.04503    0.1049  0.005475
     12/99     2.99G   0.04835    0.1332  0.006345    0.1879       266       640   0.04288    0.9754    0.1183   0.05685   0.03615   0.09978  0.004429
     13/99     2.99G   0.04842     0.139  0.005641     0.193       272       640   0.03229    0.9877    0.1173   0.05101   0.04139    0.1021  0.003933
     14/99     2.99G    0.0483    0.1412  0.004905    0.1944       263       640   0.03611    0.9729    0.1025   0.04884   0.04228    0.1021   0.00359
     15/99     2.99G   0.04597    0.1435  0.004331    0.1938       287       640   0.03563     0.986    0.1037   0.05422    0.0391    0.1113  0.003404
     16/99     2.99G   0.04457    0.1394  0.004251    0.1882       329       640   0.03666    0.9795    0.1209   0.06275   0.03787    0.1148  0.003192
     17/99     2.99G   0.04433    0.1414  0.003848    0.1895       283       640   0.04468    0.9704    0.1043   0.05619   0.03747    0.1046  0.003081
     18/99     2.99G   0.04461    0.1378  0.003694    0.1861       190       640   0.06038    0.9359    0.1046   0.06095    0.0383   0.09606  0.003221
     19/99     2.99G   0.04298    0.1365  0.003373    0.1828       241       640   0.05508      0.95    0.1159   0.05679   0.03973   0.08586  0.002872
     20/99     2.99G   0.04183    0.1337  0.003377     0.179       234       640   0.05899    0.9647    0.1156   0.06299   0.03432   0.09205  0.003026
     21/99     2.99G   0.04112    0.1423  0.003159    0.1866       295       640   0.05022    0.8751   0.09555   0.05051   0.04673   0.09976  0.004701
     22/99     2.99G   0.04767    0.1368  0.003037    0.1875       226       640   0.05139    0.9556   0.09856   0.05655   0.03594    0.0955  0.002859
     23/99     2.99G   0.04519    0.1293  0.003374    0.1778       323       640   0.03946    0.9688    0.1019   0.05831   0.04098    0.0944  0.003101
     24/99     2.99G   0.04604    0.1335  0.003412     0.183       269       640   0.05287    0.8932   0.09809   0.05234   0.03795   0.08124  0.003449
     25/99     2.99G   0.04453    0.1371  0.003306     0.185       236       640   0.07402    0.9433    0.1163   0.06754    0.0342   0.08428  0.002926
     26/99     2.99G   0.04174    0.1405  0.003118    0.1854       292       640   0.05976    0.9787    0.1138   0.06027   0.03723    0.1096  0.002531
     27/99     2.99G   0.04002    0.1343   0.00293    0.1773       293       640    0.0465    0.9631    0.1134   0.06123   0.03673     0.111  0.002507
     28/99     2.99G   0.03931    0.1316  0.002832    0.1738       226       640   0.07434    0.9302    0.1127   0.05548   0.03794   0.08954  0.003052
     29/99     2.99G    0.0405    0.1394  0.002977    0.1829       277       640   0.05824    0.9663    0.1109   0.06235   0.03057   0.09963  0.002554
     30/99     2.99G   0.03686    0.1309  0.002669    0.1704       212       640   0.07319    0.9746    0.1256   0.07588   0.03011    0.1194  0.002223
     31/99     2.99G   0.03735     0.131  0.002536    0.1709       191       640   0.07895     0.936    0.1095   0.06048   0.03131   0.08395  0.002445
     32/99     2.99G   0.03831     0.125  0.002693     0.166       243       640   0.07102    0.9425    0.1136   0.06351   0.03722    0.1174  0.002401
     33/99     2.99G   0.03816    0.1369  0.002527    0.1776       266       640   0.07542    0.9615    0.1189    0.0688   0.02877    0.1025  0.002274
     34/99     2.99G   0.03518    0.1333  0.002303    0.1708       201       640   0.08689    0.9614    0.1269   0.07785   0.02958    0.1295   0.00226
     35/99     2.99G   0.03401    0.1324  0.002306    0.1687       296       640   0.08803    0.9548    0.1204   0.07331   0.02727    0.1063  0.002285
     36/99     2.99G   0.03953    0.1278  0.002334    0.1697       255       640   0.08475    0.9704    0.1279   0.07782   0.03053    0.1153  0.002447
     37/99     2.99G   0.03796    0.1316  0.002418    0.1719       268       640   0.08322    0.7201    0.1032   0.06255   0.03468   0.08608  0.003271
     38/99     2.99G   0.03847    0.1368  0.002244    0.1775       258       640   0.07656    0.8271    0.1001   0.06063   0.03498    0.1123  0.003657
     39/99     2.99G   0.03758    0.1313  0.002395    0.1713       279       640   0.08076    0.9261    0.1114    0.0579   0.03574   0.09667  0.002623
     40/99     2.99G   0.03753    0.1345  0.002396    0.1744       265       640    0.0896    0.8159    0.1049   0.06082   0.03175   0.08318  0.003636
     41/99     2.99G   0.03423    0.1306  0.002162     0.167       230       640   0.08694    0.8487    0.1059   0.06107   0.03285    0.1206  0.002904
     42/99     2.99G    0.0362     0.123  0.002077    0.1613       188       640   0.08975    0.9541    0.1376   0.08954    0.0282   0.08427  0.002081
     43/99     2.99G   0.03441    0.1368  0.002161    0.1734       296       640    0.0799     0.982    0.1162   0.07123   0.02744    0.1305  0.002031
     44/99     2.99G   0.03394    0.1293  0.002158    0.1654       233       640   0.09245    0.9343    0.1123   0.06853   0.02732    0.1086  0.002279
     45/99     2.99G   0.03244    0.1296  0.001881     0.164       227       640   0.09489    0.9097    0.1098    0.0681   0.02947    0.1017  0.002066
     46/99     2.99G   0.03063    0.1248  0.001725    0.1572       293       640   0.09663    0.9049    0.1136   0.07124   0.02907   0.09528  0.002208
     47/99     2.99G   0.03185    0.1249  0.001731    0.1585       248       640   0.09642    0.8855    0.1064   0.06822   0.02727     0.114  0.002283
     48/99     2.99G   0.03126    0.1282   0.00177    0.1612       421       640   0.09312    0.9336    0.1152   0.06624   0.03196    0.1027   0.00183
     49/99     2.99G   0.03341    0.1243  0.001667    0.1593       325       640   0.08961     0.945     0.113   0.07084   0.02741    0.1134  0.001755
     50/99     2.99G   0.03159    0.1224  0.001605    0.1556       226       640   0.09385    0.9318    0.1132   0.07366   0.02829    0.1144  0.002178
     51/99     2.99G   0.02954     0.125  0.001688    0.1562       255       640   0.09386     0.926    0.1107   0.06942   0.02903    0.1267  0.002092
     52/99     2.99G   0.03027    0.1219   0.00168    0.1538       287       640   0.08762    0.7746   0.08972   0.06003   0.02877    0.1132  0.002929
     53/99     2.99G    0.0275    0.1187  0.001544    0.1477       307       640   0.09202    0.8917    0.1082     0.067   0.03041    0.1028  0.001897
     54/99     2.99G   0.02816    0.1202  0.001425    0.1498       322       640   0.09091    0.8168    0.1017   0.06588   0.02768    0.1031  0.002009
     55/99     2.99G   0.02939    0.1229  0.001264    0.1535       252       640   0.09527    0.8728    0.1184   0.07646   0.02808    0.1079  0.001864
     56/99     2.99G    0.0285    0.1212  0.001348     0.151       283       640   0.09368    0.8153    0.1062   0.06946   0.02854    0.1047  0.002162
     57/99     2.99G   0.02701    0.1194  0.001327    0.1478       308       640   0.09217    0.8112   0.09713   0.06422    0.0264   0.09917  0.001998
     58/99     2.99G   0.02801    0.1171  0.001263    0.1463       299       640   0.09239    0.9105    0.1042   0.07091   0.02495    0.1316  0.001667
     59/99     2.99G   0.02856    0.1153  0.001152     0.145       202       640   0.09259    0.9082     0.105   0.06905   0.02885    0.1124  0.001763
     60/99     2.99G   0.02683    0.1108  0.001136    0.1388       273       640   0.09009    0.7528   0.09182   0.06093   0.02828    0.1011  0.002107
     61/99     2.99G   0.02601    0.1166  0.001195    0.1438       259       640   0.09562    0.9007   0.09917   0.06464   0.02696    0.1287  0.001674
     62/99     2.99G    0.0259    0.1114  0.001083    0.1384       229       640   0.09262    0.8958   0.09674   0.06258   0.02592    0.1386  0.001604
     63/99     2.99G   0.02662     0.116  0.000923    0.1436       298       640    0.0904    0.8383   0.09598    0.0619   0.02604    0.1252  0.001694
     64/99     2.99G   0.02671    0.1112  0.001027    0.1389       215       640   0.09143    0.8399   0.09554   0.06265   0.02794    0.1286  0.001682
     65/99     2.99G   0.02633    0.1102 0.0009638    0.1375       279       640   0.09123    0.8917   0.09746   0.06554   0.02593    0.1416  0.001527
     66/99     2.99G   0.02585    0.1087 0.0009864    0.1356       284       640   0.08475    0.7263   0.09015   0.06037   0.02906     0.124  0.002057
     67/99     2.99G   0.02576    0.1112 0.0009898    0.1379       378       640   0.09044    0.8334   0.09253   0.06211   0.02691    0.1308   0.00204
     68/99     2.99G   0.02624    0.1114  0.001051    0.1386       254       640   0.09118    0.8573   0.09163   0.06047   0.02626    0.1328  0.001776
     69/99     2.99G   0.02512    0.1133  0.001031    0.1394       274       640   0.08945    0.8112   0.08919   0.05878   0.02713    0.1311  0.002067
     70/99     2.99G   0.02551    0.1092  0.001002    0.1357       244       640   0.08981    0.8135   0.08828   0.05868   0.02684    0.1355  0.002004
     71/99     2.99G   0.02478    0.1045 0.0009794    0.1303       210       640   0.08969    0.7989    0.0871   0.05654   0.02912    0.1176  0.002029
     72/99     2.99G   0.02472    0.1097 0.0009363    0.1353       319       640    0.0874    0.7865   0.08485   0.05583   0.02716    0.1419  0.001895
     73/99     2.99G   0.02382    0.1041 0.0008868    0.1288       289       640   0.08317    0.7167   0.07827   0.05174   0.02944    0.1337  0.002343
     74/99     2.99G   0.02415    0.1068 0.0006749    0.1316       232       640   0.08588    0.7873   0.08678   0.05618   0.02762     0.144  0.001776
     75/99     2.99G   0.02543    0.1123 0.0008221    0.1386       287       640   0.08498    0.7628   0.08489   0.05565   0.02784    0.1311  0.002143
     76/99     2.99G   0.02449    0.1086 0.0007149    0.1338       301       640   0.08021    0.7258   0.07638   0.05115    0.0281    0.1375  0.002017
     77/99     2.99G   0.02445    0.1079 0.0007195     0.133       246       640   0.08477    0.7882   0.08108   0.05423   0.02733    0.1512  0.001915
     78/99     2.99G   0.02469    0.1051 0.0008169    0.1306       303       640   0.08707      0.79   0.08268   0.05354   0.02803    0.1394   0.00228
     79/99     2.99G   0.02421    0.1031 0.0007279     0.128       262       640   0.08452    0.7694   0.07959   0.05192    0.0288    0.1412  0.002402
     80/99     2.99G   0.02369     0.101  0.000777    0.1254       258       640   0.08123    0.6944   0.07483    0.0495   0.02999    0.1334  0.002776
     81/99     2.99G   0.02367    0.1086 0.0007513     0.133       218       640   0.08611    0.8006   0.08306   0.05574   0.02715     0.152  0.001868
     82/99     2.99G   0.02349    0.1025 0.0007333    0.1268       205       640   0.08558     0.789    0.0834    0.0545   0.02837    0.1408  0.001761
     83/99     2.99G     0.023     0.102 0.0007582    0.1257       348       640   0.08388    0.7816   0.08153    0.0548    0.0274    0.1537  0.001802
     84/99     2.99G   0.02306    0.1014 0.0007739    0.1252       230       640   0.08222    0.7159   0.07493   0.05063   0.02813    0.1498   0.00219
     85/99     2.99G   0.02337    0.1012 0.0007059    0.1253       302       640   0.08488     0.758   0.08163   0.05371   0.02757    0.1537  0.002222
     86/99     2.99G   0.02303    0.1034 0.0006515    0.1271       301       640   0.08023    0.7349   0.07557   0.04884   0.02753    0.1615  0.002083
     87/99     2.99G   0.02356   0.09942 0.0006224    0.1236       277       640   0.08039    0.7356   0.07642   0.05071   0.02731    0.1598  0.001946
     88/99     2.99G   0.02298    0.1042 0.0007346    0.1279       258       640   0.08027    0.7186   0.07407   0.04897   0.02721    0.1558  0.002085
     89/99     2.99G   0.02306    0.1027 0.0006272    0.1263       342       640   0.07911    0.7078   0.07182   0.04723   0.02817    0.1587  0.002227
     90/99     2.99G    0.0232   0.09996 0.0006278    0.1238       257       640   0.07416    0.6659   0.06801   0.04603   0.02758    0.1541   0.00201
     91/99     2.99G   0.02272   0.09907 0.0006487    0.1224       202       640   0.07258    0.6339   0.06915   0.04524   0.02852    0.1569  0.002372
     92/99     2.99G   0.02267    0.1006 0.0005043    0.1238       210       640   0.07017      0.61   0.06219   0.04123   0.02972    0.1581  0.002632
     93/99     2.99G   0.02291   0.09817 0.0006326    0.1217       192       640    0.0749    0.6617   0.06952   0.04637   0.02964    0.1587  0.002649
     94/99     2.99G   0.02276   0.09796 0.0006182    0.1213       224       640   0.07381    0.6472   0.06758   0.04397   0.02911    0.1636  0.002738
     95/99     2.99G   0.02238   0.09964 0.0006515    0.1227       273       640   0.07534    0.6641    0.0697   0.04595   0.02913    0.1695  0.002657
     96/99     2.99G   0.02279   0.09839 0.0007068    0.1219       282       640   0.07762    0.6913   0.06852    0.0449   0.02869    0.1646  0.002219
     97/99     2.99G   0.02284   0.09773  0.000584    0.1212       212       640    0.0726    0.6246   0.06654   0.04358   0.02948    0.1618  0.002799
     98/99     2.99G   0.02223   0.09685 0.0005534    0.1196       287       640   0.07513    0.6464   0.06758   0.04507   0.03028    0.1661  0.003176
     99/99     2.99G     0.023    0.1017 0.0006363    0.1253       282       640   0.07779    0.7079   0.07313   0.04838   0.02859    0.1734  0.002374
